0.00270433;12988
0.00540865;4029
0.00811298;1895
0.0108173;1127
0.0135216;735
0.016226;522
0.0189303;374
0.0216346;296
0.0243389;227
0.0270433;177
0.0297476;152
0.0324519;134
0.0351562;114
0.0378606;96
0.0405649;86
0.0432692;75
0.0459735;66
0.0486779;62
0.0513822;54
0.0540865;46
0.0567909;46
0.0594952;45
0.0621995;40
0.0649038;40
0.0676082;34
0.0703125;33
0.0730168;30
0.0757212;27
0.0784255;27
0.0811298;23
0.0838341;23
0.0865385;21
0.0892428;18
0.0919471;17
0.0946515;16
0.0973558;15
0.10006;15
0.102764;14
0.105469;13
0.108173;13
0.110877;13
0.113582;13
0.116286;13
0.11899;13
0.121695;13
0.124399;12
0.127103;12
0.129808;12
0.132512;11
0.135216;10
0.137921;10
0.140625;10
0.143329;10
0.146034;10
0.148738;10
0.151442;10
0.154147;10
0.156851;10
0.159555;10
0.16226;10
0.164964;10
0.167668;10
0.170373;10
0.173077;10
0.175781;10
0.178486;10
0.18119;10
0.183894;10
0.186599;10
0.189303;10
0.192007;10
0.194711;10
0.197416;10
0.20012;10
0.202824;10
0.205529;10
0.208233;10
0.210937;9
0.213642;9
0.216346;9
0.21905;9
0.221755;9
0.224459;9
0.227163;9
0.229868;9
0.232572;9
0.235276;9
0.237981;9
0.240685;9
0.243389;9
0.246094;9
0.248798;9
0.251502;9
0.254207;9
0.256911;9
0.259615;9
0.26232;9
0.265024;8
0.267728;7
0.270433;7
